7
Adiantum-aleuticum        0.0000000 0.2893152 0.3383067 0.4186895 0.2952217 0.0500319 0.2531807 
Adiantum-capillus-veneris 0.2893152 0.0000000 0.2024384 0.4551410 0.2910324 0.2809796 0.4208135 
Adiantum-flabellulatum    0.3383067 0.2024384 0.0000000 0.4111000 0.3267383 0.3428979 0.4500621 
Adiantum-malesianum       0.4186895 0.4551410 0.4111000 0.0000000 0.2920766 0.4154698 0.4418760 
Adiantum-nelumboides      0.2952217 0.2910324 0.3267383 0.2920766 0.0000000 0.2951421 0.3595545 
Adiantum-shastense        0.0500319 0.2809796 0.3428979 0.4154698 0.2951421 0.0000000 0.2707223 
Adiantum-tricholepis      0.2531807 0.4208135 0.4500621 0.4418760 0.3595545 0.2707223 0.0000000 
